Feature selection on 13 UCI datasets to minimize feature count and maximize scores
 9  91.0000  10891 [ 0  3  4  6  8 10 11 12 13]
 8  92.0000   9971 [ 0  3  4  6  8 11 12 15]
 8  92.0000  10561 [ 0  3  4  6  8 11 12 15]
 8  92.0000  10391 [ 0  3  4  6  8 11 12 15]
 9  91.0000  10641 [ 0  3  4  6  8 10 11 12 18]
 8  92.0000  10421 [ 0  3  4  6  8 11 12 15]
 8  92.0000  10271 [ 0  3  4  6  8 11 12 15]
 8  92.0000  10061 [ 0  3  4  6  8 11 12 15]
 8  92.0000   9841 [ 0  3  4  6  8 11 12 15]
 8  92.0000   9961 [ 0  3  4  6  8 11 12 15]
 8  92.0000  10571 [ 0  3  4  6  8 11 12 15]
 8  92.0000  10171 [ 0  3  4  6  8 11 12 15]
 8  92.0000  10281 [ 0  3  4  6  8 11 12 15]
 8  92.0000  10791 [ 0  3  4  6  8 11 12 15]
 9  91.0000  11281 [ 0  3  4  5  6  8 10 11 12]
 8  92.0000  10961 [ 0  3  4  6  8 11 12 15]
 9  91.0000  10931 [ 0  3  4  5  6  7  8 10 11]
 9  91.0000  10741 [ 0  3  4  5  6  8 11 12 14]
 8  92.0000  11091 [ 0  3  4  6  8 11 12 15]
 9  91.0000  10781 [ 0  3  4  6  8 11 12 15 16]
0.59073807692 0.535988819008 0.630952380952 0.0266212454886
00 credit.dat      dims=20 trainset=  800/ 1000    feature_distribution =
[[ 8 14]
 [ 9  6]]
 6  96.4706  10231 [ 3  5 14 15 31 33]
 6  96.4706  10211 [ 0  3  4 18 27 33]
 6  96.4706  10321 [ 0  3 11 13 15 33]
 6  96.4706  10031 [ 0  3 13 20 32 33]
 6  96.4706   9881 [ 2  3  8 20 31 33]
 6  96.4706  10011 [ 0  3 11 15 18 33]
 6  96.4706  10161 [ 3 14 15 24 31 33]
 6  96.4706  10571 [ 2  3 15 20 31 33]
 6  96.4706  10071 [ 0  3  4 15 18 33]
 6  96.4706  10271 [ 2  3  4 15 31 33]
 6  96.4706  10101 [ 3 15 18 20 28 33]
 6  96.4706  10031 [ 2  3  4 15 31 33]
 6  96.4706  10081 [ 2  3 18 19 31 33]
 6  96.4706  10301 [ 1  3 15 18 27 33]
 6  96.4706  10291 [ 3 14 15 26 31 33]
 6  96.4706  10491 [ 3 15 18 20 27 33]
 6  96.4706  10421 [ 3  4 18 20 24 33]
 6  96.4706  10211 [ 2  3  4  9 31 33]
 6  96.4706  10061 [ 2  3 15 16 31 33]
 7  95.8824  10971 [ 0  3 15 18 26 32 33]
0.664272752603 0.592063492063 0.749769756387 0.0393478725735
01 derm.dat        dims=34 trainset=  292/  366    feature_distribution =
[[ 6 19]
 [ 7  1]]
 9  94.7059  12721 [ 1  4 13 17 25 26 27 30 33]
 9  94.7059  13101 [ 3  4 16 17 19 27 31 32 33]
 9  94.7059  12771 [ 2  3  4  8 14 15 18 26 27]
 8  95.2941  12631 [ 2  4 13 14 18 26 27 33]
 9  94.7059  12781 [ 3  5 15 16 19 22 27 31 33]
 9  94.7059  12771 [ 1  4  5  8 15 16 17 18 27]
 9  94.7059  12601 [ 0  3  4 11 14 17 25 27 29]
 9  94.7059  12961 [ 3  4 14 15 17 19 26 27 33]
 8  95.2941  11911 [ 1  4 14 15 17 24 27 33]
 9  94.7059  12821 [ 1  2  7 13 18 20 27 31 33]
 8  95.2941  12181 [ 3  4 12 14 15 26 27 33]
 8  95.2941  12021 [ 2  4 11 13 14 18 27 33]
 8  95.2941  12841 [ 3  4 13 18 25 27 28 33]
 8  95.2941  11971 [ 3  4  8 14 15 17 24 33]
 9  94.7059  13051 [ 0  3  4 13 15 24 25 27 30]
 9  94.7059  12901 [ 0  3  4 14 17 25 26 27 29]
 9  94.7059  12941 [ 2  4  9 15 16 18 26 27 33]
 8  95.2941  12201 [ 2  4 11 14 15 18 27 33]
 9  94.7059  12831 [ 0  4 13 20 21 27 31 32 33]
 9  94.7059  12901 [ 0  4  9 11 13 14 27 31 33]
0.86086735062 0.774338624339 0.926857142857 0.0383383774768
02 derm2.dat       dims=34 trainset=  286/  358    feature_distribution =
[[ 8  7]
 [ 9 13]]
 6  90.7692   7311 [ 0  2  4  6  8 10]
 6  90.7692   6871 [ 0  2  4  6  8 10]
 6  90.7692   7311 [ 0  2  4  6  8 10]
 6  90.7692   7241 [ 0  2  4  6  8 10]
 6  90.7692   7001 [ 0  2  4  6  8 10]
 6  90.7692   6551 [ 0  2  4  6  8 10]
 6  90.7692   6541 [ 0  2  4  6  8 10]
 6  90.7692   6831 [ 0  2  4  6  8 10]
 6  90.7692   7101 [ 0  2  4  6  8 10]
 6  90.7692   7261 [ 0  2  4  6  8 10]
 6  90.7692   7281 [ 0  2  4  6  8 10]
 6  90.7692   7081 [ 0  2  4  6  8 10]
 6  90.7692   6771 [ 0  2  4  6  8 10]
 6  90.7692   7351 [ 0  2  4  6  8 10]
 6  90.7692   7171 [ 0  2  4  6  8 10]
 6  90.7692   7271 [ 0  2  4  6  8 10]
 6  90.7692   7361 [ 0  2  4  6  8 10]
 6  90.7692   7161 [ 0  2  4  6  8 10]
 6  90.7692   6711 [ 0  2  4  6  8 10]
 6  90.7692   7241 [ 0  2  4  6  8 10]
1.0 1.0 1.0 0.0
03 exactly.dat     dims=13 trainset=  800/ 1000    feature_distribution =
[[ 6 20]]
10  84.6154   4191 [0 1 2 3 4 5 6 7 8 9]
10  84.6154   3931 [0 1 2 3 4 5 6 7 8 9]
10  84.6154   4151 [0 1 2 3 4 5 6 7 8 9]
10  84.6154   4371 [0 1 2 3 4 5 6 7 8 9]
10  84.6154   3741 [0 1 2 3 4 5 6 7 8 9]
10  84.6154   4221 [0 1 2 3 4 5 6 7 8 9]
10  84.6154   4101 [0 1 2 3 4 5 6 7 8 9]
10  84.6154   4101 [0 1 2 3 4 5 6 7 8 9]
10  84.6154   3811 [0 1 2 3 4 5 6 7 8 9]
10  84.6154   4061 [0 1 2 3 4 5 6 7 8 9]
10  84.6154   3501 [0 1 2 3 4 5 6 7 8 9]
10  84.6154   3731 [0 1 2 3 4 5 6 7 8 9]
10  84.6154   3771 [0 1 2 3 4 5 6 7 8 9]
10  84.6154   3351 [0 1 2 3 4 5 6 7 8 9]
11  83.0769   2121 [ 0  1  2  3  4  5  6  7  8  9 11]
10  84.6154   4151 [0 1 2 3 4 5 6 7 8 9]
10  84.6154   3941 [0 1 2 3 4 5 6 7 8 9]
10  84.6154   4071 [0 1 2 3 4 5 6 7 8 9]
10  84.6154   2951 [0 1 2 3 4 5 6 7 8 9]
10  84.6154   4061 [0 1 2 3 4 5 6 7 8 9]
0.697364924165 0.641577060932 0.78125 0.0355170282624
04 exactly2.dat    dims=13 trainset=  800/ 1000    feature_distribution =
[[10 19]
 [11  1]]
 6  90.7692   7131 [0 2 3 4 6 7]
 6  90.7692   6921 [0 2 3 4 6 7]
 6  90.7692   7061 [0 2 3 4 6 7]
 6  90.7692   7351 [0 2 3 4 6 7]
 6  90.7692   7231 [0 2 3 4 6 7]
 6  90.7692   7041 [0 2 3 4 6 7]
 6  90.7692   7301 [0 2 3 4 6 7]
 6  90.7692   7021 [0 2 3 4 6 7]
 6  90.7692   6931 [0 2 3 4 6 7]
 6  90.7692   7241 [0 2 3 4 6 7]
 6  90.7692   7121 [0 2 3 4 6 7]
 6  90.7692   7201 [0 2 3 4 6 7]
 6  90.7692   7181 [0 2 3 4 6 7]
 6  90.7692   7121 [0 2 3 4 6 7]
 6  90.7692   6961 [0 2 3 4 6 7]
 6  90.7692   7001 [0 2 3 4 6 7]
 6  90.7692   7331 [0 2 3 4 6 7]
 6  90.7692   7131 [0 2 3 4 6 7]
 6  90.7692   7101 [0 2 3 4 6 7]
 6  90.7692   7251 [0 2 3 4 6 7]
0.674839843501 0.579224806202 0.762352941176 0.051595075917
05 heart.dat       dims=13 trainset=  235/  294    feature_distribution =
[[ 6 20]]
 5  95.8333   7891 [0 1 2 3 4]
 5  95.8333   7861 [0 1 2 3 4]
 5  95.8333   7731 [0 1 2 3 4]
 5  95.8333   7721 [0 1 2 3 4]
 5  95.8333   7711 [0 1 2 3 4]
 5  95.8333   7831 [0 1 2 3 4]
 5  95.8333   7851 [0 1 2 3 4]
 5  95.8333   7781 [0 1 2 3 4]
 5  95.8333   7751 [0 1 2 3 4]
 5  95.8333   7841 [0 1 2 3 4]
 5  95.8333   7631 [0 1 2 3 4]
 5  95.8333   7851 [0 1 2 3 4]
 5  95.8333   7781 [0 1 2 3 4]
 5  95.8333   7821 [0 1 2 3 4]
 5  95.8333   7931 [0 1 2 3 4]
 5  95.8333   7781 [0 1 2 3 4]
 5  95.8333   7831 [0 1 2 3 4]
 5  95.8333   7691 [0 1 2 3 4]
 5  95.8333   7831 [0 1 2 3 4]
 5  95.8333   7521 [0 1 2 3 4]
1.0 1.0 1.0 0.0
06 led.dat         dims=24 trainset= 1600/ 2000    feature_distribution =
[[ 5 20]]
 8  93.6000  10721 [ 0  1 13 14 16 18 22 24]
 8  93.6000  10611 [ 0  4  6  9 11 18 23 24]
 8  93.6000  10681 [ 0  3 10 13 16 18 19 21]
 8  93.6000  10721 [ 0  2  8  9 11 16 23 24]
 8  93.6000  10871 [ 0  3  4 11 16 18 19 24]
 8  93.6000  10771 [ 0  1  8  9 11 16 19 21]
 8  93.6000  10841 [ 0  3 13 16 18 19 20 23]
 8  93.6000  10711 [ 0  3  6  8 13 15 23 24]
 8  93.6000  10721 [ 0  1  6 10 13 18 19 24]
 8  93.6000  10651 [ 0  3  6  9 11 18 19 23]
 8  93.6000  10691 [ 0  3 10 13 16 18 19 23]
 8  93.6000  10561 [ 0  4  6  8 10 11 19 24]
 8  93.6000  10601 [ 0  3 10 13 16 18 19 23]
 8  93.6000  10821 [ 0  4  8 13 15 16 19 22]
 8  93.6000  10821 [ 0  4  5  6 14 18 19 24]
 8  93.6000  10691 [ 0  4  8 10 13 16 19 22]
 8  93.6000  10631 [ 0  4  5  8 11 16 22 24]
 8  93.6000  10481 [ 0  4  8  9 11 16 19 21]
 8  93.6000  10571 [ 0  1  6  9 11 18 23 24]
 8  93.6000  10671 [ 0  1  8 13 15 16 19 23]
0.0 0.0 0.0 0.0
07 letters.dat     dims=25 trainset=   20/   26    feature_distribution =
[[ 8 20]]
 4  98.5714  11861 [ 8 12 42 54]
 4  98.5714  11781 [ 8 14 25 35]
 4  98.5714  11731 [0 2 6 8]
 4  98.5714  11681 [13 28 30 54]
 4  98.5714  11891 [ 2  6  8 42]
 4  98.5714  11911 [ 8 26 34 35]
 4  98.5714  11851 [ 8 12 34 41]
 4  98.5714  11691 [10 11 15 31]
 4  98.5714  11911 [ 0 13 26 39]
 4  98.5714  11701 [ 3 13 30 54]
 4  98.5714  11821 [ 8 26 34 53]
 4  98.5714  11751 [ 0  2  8 14]
 4  98.5714  11761 [13 19 30 34]
 4  98.5714  11831 [ 0 34 36 41]
 4  98.5714  11641 [ 3  8 42 54]
 4  98.5714  11731 [ 8 10 25 32]
 4  98.5714  11851 [ 8 14 25 35]
 4  98.5714  11761 [ 0  6 15 29]
 4  98.5714  11751 [13 15 35 42]
 4  98.5714  11811 [ 8 25 34 42]
0.669570522071 0.2 1.0 0.242048642943
08 lung.dat        dims=56 trainset=   25/   32    feature_distribution =
[[ 4 20]]
 6  90.7692   7201 [ 0  2  4  6  8 10]
 6  90.7692   7201 [ 0  2  4  6  8 10]
 6  90.7692   7141 [ 0  2  4  6  8 10]
 6  90.7692   7161 [ 0  2  4  6  8 10]
 6  90.7692   6791 [ 0  2  4  6  8 10]
 6  90.7692   7221 [ 0  2  4  6  8 10]
 6  90.7692   6851 [ 0  2  4  6  8 10]
 6  90.7692   7071 [ 0  2  4  6  8 10]
 6  90.7692   6821 [ 0  2  4  6  8 10]
 6  90.7692   7231 [ 0  2  4  6  8 10]
 6  90.7692   7121 [ 0  2  4  6  8 10]
 6  90.7692   6801 [ 0  2  4  6  8 10]
 6  90.7692   7011 [ 0  2  4  6  8 10]
 6  90.7692   7331 [ 0  2  4  6  8 10]
 6  90.7692   7181 [ 0  2  4  6  8 10]
 6  90.7692   6801 [ 0  2  4  6  8 10]
 6  90.7692   7081 [ 0  2  4  6  8 10]
 6  90.7692   6641 [ 0  2  4  6  8 10]
 6  90.7692   7251 [ 0  2  4  6  8 10]
 6  90.7692   7181 [ 0  2  4  6  8 10]
1.0 1.0 1.0 0.0
09 m-of-n.dat      dims=13 trainset=  800/ 1000    feature_distribution =
[[ 6 20]]
 4  96.3636   6591 [ 3  6 10 19]
 4  96.3636   6411 [ 3 10 19 21]
 4  96.3636   6521 [ 4 10 18 21]
 4  96.3636   6581 [ 3 10 17 19]
 4  96.3636   6491 [ 3  4 11 21]
 4  96.3636   6531 [ 2  4 10 21]
 4  96.3636   6661 [ 4 10 18 21]
 4  96.3636   6401 [ 3 10 17 19]
 4  96.3636   6501 [ 4 10 19 20]
 4  96.3636   6451 [ 2  3 10 19]
 4  96.3636   6551 [ 3 10 17 19]
 4  96.3636   6681 [ 4 19 20 21]
 4  96.3636   6581 [ 3  7 10 19]
 4  96.3636   6651 [ 3 10 19 20]
 4  96.3636   6651 [ 3 10 17 19]
 4  96.3636   6521 [ 4 10 18 21]
 4  96.3636   6751 [ 2  4 10 21]
 4  96.3636   6731 [ 2  4 10 21]
 4  96.3636   6771 [ 3 10 19 21]
 4  96.3636   6591 [ 3 10 19 20]
1.0 1.0 1.0 0.0
10 mushroom.dat    dims=22 trainset= 6499/ 8124    feature_distribution =
[[ 4 20]]
 2  98.8571   6541 [21 22]
 2  98.8571   6551 [21 22]
 2  98.8571   6731 [ 3 21]
 2  98.8571   6611 [21 22]
 2  98.8571   6441 [ 3 21]
 2  98.8571   6581 [21 27]
 2  98.8571   6521 [21 27]
 2  98.8571   6421 [ 3 21]
 2  98.8571   6481 [21 22]
 2  98.8571   6521 [20 21]
 2  98.8571   6591 [21 27]
 2  98.8571   6591 [21 22]
 2  98.8571   6491 [21 27]
 2  98.8571   6581 [21 22]
 2  98.8571   6461 [ 3 21]
 2  98.8571   6381 [ 3 21]
 2  98.8571   6511 [21 27]
 2  98.8571   6581 [20 21]
 2  98.8571   6571 [21 27]
 2  98.8571   6521 [20 21]
1.0 1.0 1.0 0.0
11 soybean.dat     dims=35 trainset=   37/   47    feature_distribution =
[[ 2 20]]
 8  90.0000   9121 [ 0  1  2  3  8 10 12 15]
 8  90.0000   9301 [ 0  1  2  3  8 10 12 15]
 8  90.0000   8111 [ 0  1  2  3  8 10 12 15]
 8  90.0000   9311 [ 0  1  2  3  8 10 12 15]
 8  90.0000   9141 [ 0  1  2  3  8 10 12 15]
 8  90.0000   9241 [ 0  1  2  3  8 10 12 15]
 8  90.0000   9111 [ 0  1  2  3  8 10 12 15]
 8  90.0000   9371 [ 0  1  2  3  8 10 12 15]
 8  90.0000   9071 [ 0  1  2  3  8 10 12 15]
 8  90.0000   9011 [ 0  1  2  3  8 10 12 15]
 8  90.0000   9041 [ 0  1  2  3  8 10 12 15]
 8  90.0000   8601 [ 0  1  2  3  8 10 12 15]
 8  90.0000   8741 [ 0  1  2  3  8 10 12 15]
 8  90.0000   9101 [ 0  1  2  3  8 10 12 15]
 8  90.0000   9331 [ 0  1  2  3  8 10 12 15]
 8  90.0000   9231 [ 0  1  2  3  8 10 12 15]
 8  90.0000   9161 [ 0  1  2  3  8 10 12 15]
 8  90.0000   9491 [ 0  1  2  3  8 10 12 15]
 8  90.0000   9151 [ 0  1  2  3  8 10 12 15]
 8  90.0000   8801 [ 0  1  2  3  8 10 12 15]
0.925121378756 0.875 0.975609756098 0.0282907725349
12 vote.dat        dims=16 trainset=  240/  300    feature_distribution =
[[ 8 20]]
