Feature selection on 13 UCI datasets to minimize feature count and maximize scores
 8  92.0000  11500 [ 0  3  4  6  8 11 12 15]
 8  92.0000  10580 [ 0  3  4  6  8 11 12 15]
 8  92.0000  11310 [ 0  3  4  6  8 11 12 15]
 9  91.0000  10990 [ 0  3  4  6  8 10 11 12 15]
 9  91.0000  11000 [ 0  3  4  6  8 10 11 12 18]
 8  92.0000  10260 [ 0  3  4  6  8 11 12 15]
 9  91.0000  11440 [ 0  3  4  5  6  7  8 10 11]
 8  92.0000  10130 [ 0  3  4  6  8 11 12 15]
 8  92.0000  11110 [ 0  3  4  6  8 11 12 15]
 8  92.0000  10160 [ 0  3  4  6  8 11 12 15]
 8  92.0000  10310 [ 0  3  4  6  8 11 12 15]
10  90.0000  11820 [ 1  2  3  4  7  8 10 11 12 18]
 8  92.0000  10110 [ 0  3  4  6  8 11 12 15]
 8  92.0000  10310 [ 0  3  4  6  8 11 12 15]
 8  92.0000  10460 [ 0  3  4  6  8 11 12 15]
 8  92.0000  10460 [ 0  3  4  6  8 11 12 15]
 8  92.0000  10680 [ 0  3  4  6  8 11 12 15]
 8  92.0000  10150 [ 0  3  4  6  8 11 12 15]
10  90.0000  11630 [ 0  1  2  3  7  8 10 11 12 13]
 8  92.0000  10780 [ 0  3  4  6  8 11 12 15]
0.596795318941 0.562678062678 0.645994356521 0.0249079826357
00 credit.dat      dims=20 trainset=  800/ 1000    feature_distribution =
[[ 8 15]
 [ 9  3]
 [10  2]]
 7  95.8824  11570 [ 0  3  6 15 18 32 33]
 6  96.4706   9810 [ 2 13 15 27 31 33]
 7  95.8824  10960 [ 2  5 13 18 23 27 33]
 7  95.8824  10610 [ 1  3  4  5  9 18 33]
 7  95.8824  11370 [ 3 14 15 17 24 31 33]
 7  95.8824  10730 [ 2  3  8 18 20 27 33]
 6  96.4706  10400 [ 2  3 15 18 31 33]
 6  96.4706  10080 [ 3  4 18 20 32 33]
 7  95.8824  10860 [ 4 13 15 21 26 27 33]
 6  96.4706  10460 [ 2  3  9 18 31 33]
 6  96.4706  11200 [ 3  4 15 18 31 33]
 6  96.4706  10910 [ 0  3 11 13 15 33]
 7  95.8824  11360 [ 0  3 14 16 20 28 33]
 6  96.4706  10160 [ 3 15 18 19 27 33]
 6  96.4706  11420 [ 3  4 14 15 18 33]
 7  95.8824  10710 [ 2 15 18 21 27 31 33]
 7  95.8824  10540 [ 0  2  3 16 21 26 33]
 6  96.4706   9800 [ 0  3 15 26 31 33]
 6  96.4706   9990 [ 3  4 12 18 20 33]
 6  96.4706  10890 [ 2  3 18 21 31 33]
0.601233141109 0.489867620302 0.733285849953 0.0736661730835
01 derm.dat        dims=34 trainset=  292/  366    feature_distribution =
[[ 6 11]
 [ 7  9]]
 8  95.2941  13440 [ 2  4 13 14 18 27 32 33]
 9  94.7059  12800 [ 3 15 16 19 22 27 31 32 33]
 9  94.7059  13510 [ 1  4 13 15 17 21 27 32 33]
 8  95.2941  13150 [ 0  4 15 18 19 27 31 33]
 9  94.7059  12710 [ 1  3  4 13 15 17 24 25 33]
 9  94.7059  12870 [ 0  2  3  8 13 15 17 20 31]
 9  94.7059  12670 [ 0  2  4  5 13 14 27 31 33]
 9  94.7059  13250 [ 0  2  4 15 17 22 27 31 33]
 8  95.2941  13750 [ 3  4 13 18 24 25 27 33]
 9  94.7059  13530 [ 3  4 13 14 17 20 25 26 33]
10  94.1176  13660 [ 0  1  2  3  7  9 15 16 17 18]
 9  94.7059  12840 [ 3  4 12 14 16 27 28 29 33]
 9  94.7059  12620 [ 1  2  3  4 11 13 20 27 33]
 9  94.7059  12650 [ 2  4 12 14 15 17 27 31 33]
 9  94.7059  13000 [ 0  1  2  3 13 17 18 20 33]
 9  94.7059  12960 [ 2  3  4  5  8 14 15 16 27]
 8  95.2941  12290 [ 0  4 15 18 19 27 31 33]
 8  95.2941  11560 [ 0  3  4 13 15 17 27 33]
 8  95.2941  12750 [ 3  4  8 14 15 17 24 33]
 9  94.7059  12650 [ 2  4 12 13 14 17 27 28 33]
0.892764243905 0.817821067821 0.95320855615 0.0303742029907
02 derm2.dat       dims=34 trainset=  286/  358    feature_distribution =
[[ 8  6]
 [ 9 13]
 [10  1]]
 6  90.7692   7210 [ 0  2  4  6  8 10]
 6  90.7692   7070 [ 0  2  4  6  8 10]
 6  90.7692   7090 [ 0  2  4  6  8 10]
 6  90.7692   6900 [ 0  2  4  6  8 10]
 6  90.7692   7110 [ 0  2  4  6  8 10]
 6  90.7692   6200 [ 0  2  4  6  8 10]
 6  90.7692   7020 [ 0  2  4  6  8 10]
 6  90.7692   7250 [ 0  2  4  6  8 10]
 6  90.7692   7180 [ 0  2  4  6  8 10]
 6  90.7692   7020 [ 0  2  4  6  8 10]
 6  90.7692   7260 [ 0  2  4  6  8 10]
 6  90.7692   7100 [ 0  2  4  6  8 10]
 6  90.7692   7150 [ 0  2  4  6  8 10]
 6  90.7692   6880 [ 0  2  4  6  8 10]
 6  90.7692   7170 [ 0  2  4  6  8 10]
 6  90.7692   7120 [ 0  2  4  6  8 10]
 6  90.7692   6830 [ 0  2  4  6  8 10]
 6  90.7692   6770 [ 0  2  4  6  8 10]
 6  90.7692   7250 [ 0  2  4  6  8 10]
 6  90.7692   6730 [ 0  2  4  6  8 10]
1.0 1.0 1.0 0.0
03 exactly.dat     dims=13 trainset=  800/ 1000    feature_distribution =
[[ 6 20]]
10  84.6154   4290 [0 1 2 3 4 5 6 7 8 9]
10  84.6154   3800 [0 1 2 3 4 5 6 7 8 9]
10  84.6154   4000 [0 1 2 3 4 5 6 7 8 9]
